45784 2372 1.87841403 0.0175209902 0.168870702 0.000333881006 1.62605596 8.70956516 1.87927997 0.000263355003 -0.000243192 3.09889983E-05 0.168494999 0.000240937006 -0.000114902999 2.84310008E-05
45786 268 1.87723005 0.0167611893 0.168453798 0.0139445104 0.0122779096 7.77126789 1.87717998 0.000529803976 -0.000345000997 3.66370004E-05 0.171281993 0.000399906014 -0.000275088998 2.35290008E-05
45787 2924 1.87942398 0.0176062807 0.169435203 0.000304602989 -0.328844786 8.05336666 1.87958002 0.000233045997 -0.000313469005 2.92259992E-05 0.169186994 0.000222157003 -0.000217180001 2.88089996E-05
45789 872 1.880234 0.0176413395 0.170802295 0.0161794294 2.27633905 7.07634592 1.87855005 0.000367153989 0.000340371014 2.55510004E-05 0.168073997 0.000330971001 0.000389855995 1.95020002E-05
45790 1671 1.87893701 0.0187369902 0.170334607 0.0157944597 4.60887194 7.87984991 1.88214004 0.000291059987 -0.000620517007 2.69060001E-05 0.171682999 0.000330687006 -0.000246206007 3.91639987E-05
45791 2562 1.87471199 0.0192448497 0.171463802 0.000358979014 1.69247401 8.18142509 1.87468004 0.000279530999 -0.000230221995 3.55999982E-05 0.171914995 0.000260577013 -0.000228784003 3.1345E-05
45797 1695 1.87946296 0.0165310409 0.166511998 0.0154047599 0.268547386 8.09880638 1.87908006 0.000287270988 -0.000201087998 3.57589997E-05 0.166134 0.000277271 -7.03929982E-05 3.49990005E-05
45806 1516 1.871472 0.0182255898 0.167489901 0.000421976001 0.472387493 8.29946995 1.87137997 0.000325642002 -0.000191140003 3.9849001E-05 0.166949004 0.000289006013 -0.000143837999 3.28610004E-05
45807 583 1.87470901 0.0175110009 0.167524606 0.0145484498 0.931533098 8.09932613 1.87360001 0.000457384012 -0.000930954004 2.71089993E-05 0.167524993 0.000479651993 -0.00027262501 5.90749987E-05
45808 1454 1.87049401 0.0179643892 0.168090105 0.0160398409 1.89981401 7.85414696 1.87085998 0.000331618008 -0.00027408899 3.95300012E-05 0.168475002 0.000332138006 -0.000160847005 4.36390001E-05
45809 2041 1.871611 0.0170165803 0.167962402 0.000381418009 2.17303896 8.29098797 1.87266004 0.000289538002 -0.000213890002 3.58979996E-05 0.168375 0.000269335986 -0.000182354997 3.41090017E-05
45810 378 1.87171304 0.0175922401 0.167864799 0.000782924995 0.86668539 8.47827244 1.87204003 0.000593998993 -0.000660637976 3.28550013E-05 0.169948995 0.000505239994 0.000281891 2.66139996E-05
45811 1027 1.87189496 0.0171414092 0.168684497 0.0151611604 1.30581403 7.8115592 1.87232006 0.000399432 -0.000341053004 4.76390014E-05 0.169741005 0.000330879004 -0.000391100999 3.32900017E-05
45812 680 1.87314606 0.0179905109 0.1673069 0.000641929975 1.11134303 9.13035297 1.87320995 0.000488893013 -0.000266932999 5.41100017E-05 0.168459997 0.000442574994 -4.43270001E-05 4.93309999E-05
45813 2201 1.87013805 0.0173712708 0.168591395 0.0154374596 0.609115183 9.85659599 1.87075996 0.000265173992 -0.000254656014 3.13269993E-05 0.168715999 0.000242900001 -0.000193497006 2.80580007E-05
45814 761 1.86995006 0.0161186606 0.169211403 0.000580160005 0.813510597 9.63328934 1.87102997 0.00043284701 -0.000230781996 4.77149988E-05 0.169014007 0.000401402998 -0.000131249995 4.49110012E-05
45816 1652 1.87056398 0.0168162808 0.168895394 0.000405586994 0.866692305 9.57973003 1.87084997 0.00031366499 -0.000253162987 3.69920017E-05 0.168846995 0.000312082993 -0.000135655995 3.75210002E-05
45817 2581 1.86938298 0.0174481198 0.168925807 0.01544536 1.061566 9.98121834 1.86984003 0.000251579011 -0.000201531002 2.89679992E-05 0.168963 0.000230745994 -0.000103011997 2.67710002E-05
45819 821 1.86968005 0.0184051804 0.169818997 0.000528390985 1.41891897 9.7005949 1.87109995 0.000445070997 -0.000339961989 5.12929983E-05 0.169864997 0.000391581008 -0.000138478004 4.39879987E-05
45820 2502 1.86904502 0.0180191398 0.169262096 0.000336699013 1.04993105 9.92284012 1.86928999 0.000254852988 -0.000243991002 2.88419997E-05 0.169423997 0.000243122995 -0.000110957997 2.81810007E-05
45822 1287 1.87041497 0.0169937499 0.169826895 0.0164780896 0.601095676 10.1630898 1.87073004 0.000371767994 -0.000228040997 4.17180017E-05 0.169578001 0.000336561003 -8.27059994E-05 3.94550007E-05
45823 1488 1.87090898 0.0181625001 0.168061003 0.000464434997 0.330591112 9.76814365 1.87144005 0.000334852986 -0.000198427995 3.76470016E-05 0.168639004 0.000326590001 -0.000175616995 3.59650003E-05
45824 573 1.87107694 0.0167732704 0.168361202 0.000676864001 -0.272050589 9.27256775 1.87118006 0.000538076973 -0.000379937002 5.67729985E-05 0.169384003 0.000420939003 -0.000468182989 3.1997999E-05
45835 2456 1.87421203 0.0169702601 0.165730402 0.0149785904 1.00554895 8.1238327 1.87460005 0.000242950002 -0.000214341999 3.10059986E-05 0.166013002 0.000236159001 -0.000145031998 3.08529998E-05
45853 1043 1.87089705 0.0161482506 0.166049495 0.0149893202 1.65614104 7.74687004 1.87163997 0.000319170998 -0.000243279996 2.34559993E-05 0.166350007 0.000344361004 1.20320001E-05 4.1700001E-05
45855 5326 1.87106395 0.0173008293 0.166122407 0.000220963004 1.02466798 7.8602562 1.87144005 0.000170240004 -0.000229229001 2.24859996E-05 0.166069999 0.000158830997 -7.0412003E-05 2.08599995E-05
45856 443 1.87360299 0.0174452793 0.165620998 0.0155681605 0.367694914 7.92615318 1.87388003 0.000558856991 -0.000371323986 6.65089974E-05 0.165244997 0.000578688981 -0.000224928997 7.1344999E-05
45857 601 1.87192905 0.0170955192 0.165233701 0.0148833701 1.323349 7.91503191 1.87197006 0.000459776988 -0.000275063998 4.75390007E-05 0.167521 0.000388045009 -0.000369007001 2.92189998E-05
45858 2814 1.869802 0.0177055001 0.166781396 0.000300559012 1.11405802 7.89430714 1.87029004 0.000247032993 -0.000216646993 3.2562999E-05 0.167113006 0.000222172006 -0.000156912007 2.91359993E-05
45861 1295 1.87065399 0.0167625099 0.168111995 0.0160048995 1.41410196 7.50055218 1.86734998 0.000300610001 0.000802794995 1.64280009E-05 0.168634996 0.000320346007 -0.000288356008 4.24960017E-05
45862 1907 1.87047696 0.0179486591 0.166850194 0.01610641 0.364511192 7.78699398 1.87084997 0.000290909986 -0.000261367008 3.64400003E-05 0.166510001 0.000268834992 -0.000181365001 3.4517001E-05
45863 2797 1.87069297 0.0175751895 0.167446002 0.000311428012 0.761583924 7.81970882 1.87110996 0.000227351004 -0.000269129989 2.95789996E-05 0.167382002 0.000215424006 -0.000174008994 2.7782E-05
45865 10766 1.86781895 0.0176898297 0.168777406 0.0162533391 2.88214493 9.07136154 1.86877 0.000126703002 -0.000266404008 1.49959997E-05 0.169229999 0.000119965 -0.000126928004 1.41560004E-05
45866 979 1.86758101 0.0169135798 0.1696136 0.000487860001 3.42945695 9.08722019 1.86833 0.000411012006 -0.000165260994 4.61519994E-05 0.169838995 0.000318484992 -0.000159768999 2.89090003E-05
45867 1903 1.86705995 0.0176051203 0.168870494 0.0150277102 3.11914706 9.32958698 1.86773002 0.000303860987 -0.000282846013 3.45449989E-05 0.169229001 0.000275197002 -0.000102161997 3.11600015E-05
45868 2427 1.86754596 0.0170795601 0.1692601 0.0154169798 2.92775512 9.72010612 1.86855996 0.000267905009 -0.000246248004 3.07109985E-05 0.169246003 0.000245892996 -0.000103660001 2.80080003E-05
45870 1050 1.86796498 0.0176457297 0.169263795 0.0154253999 2.83824801 9.4537077 1.86928999 0.000364176987 -0.000402823003 4.16709991E-05 0.170041993 0.00035393401 -0.000189020997 4.09029999E-05
45871 421 1.86633599 0.0175768994 0.168885395 0.000747257029 3.03860688 9.19861794 1.85921001 0.000474969012 -0.000195975997 2.75629991E-05 0.168477997 0.000412607013 -0.000175221998 2.42909991E-05
45873 902 1.86695004 0.0169891994 0.169182196 0.0157005396 2.3752079 10.0984097 1.86773002 0.000407084997 -0.000271203986 4.68959988E-05 0.169398993 0.000415874005 -0.000112171001 4.55929985E-05
45874 159 1.86615503 0.0178197492 0.170469403 0.0140479105 2.21550989 8.46833801 1.86221004 0.000124407001 -0.000134788002 9.13300028E-06 0.161494002 1.03570001E-05 -0.000464584999 7.02000023E-07
45887 1664 1.86926103 0.0173683092 0.168534994 0.0158986002 3.58980608 8.02830505 1.87039006 0.000333089003 -0.000273173006 4.01340003E-05 0.168874994 0.000312043005 -0.000122400001 3.72920003E-05
45888 686 1.87222695 0.0164850093 0.168111607 0.000644495012 3.50616598 7.91110897 1.87045002 0.000340891012 -1.12830003E-05 2.00359991E-05 0.171816006 0.000243146002 -0.000184826 1.84500004E-05
45889 1078 1.87070096 0.0172003303 0.168345898 0.000506149023 3.71959591 7.86974382 1.87820005 0.000292798009 -0.000552051992 1.73129993E-05 0.169842005 0.000279814005 -0.000384965999 1.86720008E-05
45890 3529 1.86919498 0.0179445408 0.168694794 0.0154766701 3.92925096 8.61405373 1.87 0.000232206003 -0.000241446003 2.67880005E-05 0.169144005 0.000210165002 -0.000137693001 2.40270001E-05
45891 2655 1.86835504 0.0177797191 0.1691145 0.0152949998 3.32931995 9.00477791 1.86921 0.000262743997 -0.000260016008 2.9969E-05 0.169673994 0.000229626996 -0.000170127998 2.53239996E-05
45892 2784 1.86806798 0.0174717698 0.168624505 0.000312110002 3.52107096 8.62818527 1.86961997 0.00024879101 -0.000261206995 2.82660003E-05 0.169121996 0.000229754995 -0.000198805006 2.63069996E-05
45893 5259 1.86957097 0.0177382007 0.168777198 0.000223202995 2.93931699 9.02668667 1.87045002 0.000184881006 -0.000201354007 2.20229995E-05 0.169258997 0.000169855994 -0.000189408005 1.94349996E-05
45895 3198 1.86919999 0.0184358507 0.168908805 0.0155554097 2.63327599 8.98329926 1.86974001 0.000236730993 -0.000229138997 2.77309991E-05 0.169012994 0.000213405001 -0.000126860003 2.53630005E-05
45896 873 1.86932898 0.0184190907 0.168689802 0.0162128098 2.155725 9.18508053 1.87108004 0.000440978998 -0.000394548988 4.68670005E-05 0.168754995 0.000417711999 -0.000202238007 4.91639985E-05
45897 1135 1.86821306 0.0183875896 0.168921605 0.000482391013 1.76526403 9.42201138 1.86889005 0.000376614014 -0.000222105999 4.35399998E-05 0.169322997 0.000335399993 -0.000202267998 4.11459987E-05
45898 2476 1.86806202 0.0178715996 0.168615296 0.0156424493 2.00210094 9.39590931 1.86874998 0.00026680599 -0.000258009997 3.03430006E-05 0.169031993 0.000237745 -0.000172379994 2.82889996E-05
45899 2543 1.867329 0.0179349706 0.168795094 0.0162594393 2.10869408 9.28745937 1.86843002 0.000265942013 -0.000299829 2.98110008E-05 0.168896005 0.000238717999 -0.000172063999 2.82960009E-05
45900 1330 1.86822605 0.0173676703 0.169208705 0.000432031986 2.31355 9.10220718 1.86900997 0.000343663996 -0.000182313001 4.0840001E-05 0.169455007 0.000320529012 -0.000163821998 3.70939997E-05
45906 4594 1.87329996 0.0174467806 0.163971499 0.000244658993 1.08051801 8.28773785 1.87364995 0.000184327 -0.000228585006 2.3478E-05 0.164101005 0.000173074004 -8.82500026E-05 2.12449995E-05
45908 1385 1.87371504 0.0182646103 0.164188102 0.0161078591 -0.166789994 8.27860832 1.87390995 0.000336953002 -0.00029364301 4.09849999E-05 0.164208993 0.000318131992 -0.000155671005 3.93340015E-05
45909 1975 1.87432504 0.0176272299 0.163875997 0.0161413196 -0.301904202 8.4073267 1.87392998 0.000283305999 -0.000226185002 3.56269993E-05 0.164094001 0.000253873004 -0.000158459006 2.98790001E-05
45910 2067 1.87054598 0.0179080497 0.166510105 0.000356387987 1.62792003 8.53951454 1.87068999 0.000293285004 -0.000209443999 3.45740009E-05 0.166653007 0.000264970993 -0.000230678997 3.12379998E-05
45911 2376 1.87035298 0.0182494707 0.166124299 0.0159474108 1.42680204 8.35920811 1.87047994 0.000261347013 -0.000204882002 3.1399999E-05 0.166621998 0.00024451199 -0.000131068999 3.06760012E-05
45912 1654 1.87127805 0.0179323908 0.166448399 0.000410092995 1.01405001 8.32126236 1.87162995 0.000317756989 -0.000279720989 4.01869984E-05 0.166841 0.000295462989 -0.000158448005 3.7288999E-05
45920 2273 1.88025999 0.0178257804 0.162977397 0.000352006988 1.24248397 9.3451786 1.88139999 0.000272370991 -0.000288111012 3.12960001E-05 0.162937999 0.000243786999 -0.000168849001 2.77939998E-05
45921 1337 1.87918901 0.0181854591 0.162809402 0.0162071493 1.45919096 9.27977085 1.87957001 0.000355071999 -0.000247832009 4.22250014E-05 0.163017005 0.000333081 -0.000236538996 3.72659997E-05
45922 989 1.87941504 0.0174119491 0.162925497 0.000509565987 1.386325 9.69451046 1.88003004 0.000419794 -0.000261409004 4.72610009E-05 0.163384005 0.000356729986 -0.000202024996 3.85780004E-05
45923 794 1.88074303 0.0175264198 0.1626883 0.0145704998 0.70951581 9.43453121 1.88153005 0.000411634013 -0.000339087012 3.47399982E-05 0.163068995 0.000404902996 -0.000275561004 4.68699982E-05
45924 438 1.87902701 0.0167655107 0.163445905 0.000769103994 0.890952408 8.81171608 1.88147998 0.000481236988 -0.000721397984 2.67329997E-05 0.162981004 0.00044342599 6.86610001E-05 2.61019995E-05
45925 1506 1.87810099 0.0180159807 0.163771898 0.0159942098 1.509902 9.71459579 1.87864006 0.000333375006 -0.000193497995 3.74970004E-05 0.164383993 0.000322823995 -0.000212786006 3.73330004E-05
45926 674 1.87832701 0.0175240804 0.165399298 0.000606579008 1.97680604 9.37848377 1.87884998 0.000499546004 -0.000279880012 5.42640009E-05 0.166287005 0.00044072399 -0.000287180999 4.76890018E-05
45929 1252 1.87714398 0.0187750198 0.164850205 0.0183146391 2.22982597 9.91018105 1.87792003 0.000395147013 -0.000223063995 4.38829993E-05 0.165975004 0.000380651996 -0.000150741005 4.23540005E-05
45930 1658 1.87690306 0.0181370191 0.165930197 0.000394003 1.68599403 9.45985603 1.87758005 0.000315212994 -0.000311643991 3.48879985E-05 0.165805995 0.00027787601 -0.000160541997 3.07869996E-05
45931 2230 1.87841594 0.0184764303 0.165768698 0.0163764209 1.31249297 10.03372 1.87819004 0.000287981005 -0.000254025013 3.20920008E-05 0.166160002 0.000262552989 -0.000190963998 2.91659999E-05
45933 1794 1.87479603 0.0173989404 0.1650372 0.000378941011 2.22832489 7.287848 1.87527001 0.000307907991 -0.000200345996 3.90679998E-05 0.165555 0.000276751991 -0.000161673001 3.72569993E-05
45934 7274 1.87820899 0.0171756595 0.165007696 0.000184830002 1.44135499 7.34377289 1.87857997 0.000147737999 -0.000208797996 2.02589999E-05 0.165179998 0.000135473005 -0.000209635007 1.85989993E-05
45952 2722 1.88506901 0.0171878692 0.163128406 0.0156355295 1.45860696 6.46479797 1.88506997 0.00024770599 -0.000131691995 3.73110015E-05 0.164810002 0.000193978005 -0.000655893993 1.02989998E-05
45956 70 1.88802397 0.0148706604 0.160720095 0.0152820898 0.771664977 3.29508495 1.89177001 8.48740019E-05 6.37799985E-06 6.17200021E-06 0.157548994 3.61999992E-06 -0.000345386012 3.7800001E-07
45957 1721 1.88626802 0.0172415003 0.1641967 0.0154182697 -1.140769 6.83289909 1.88651001 0.000290780008 -0.000214732994 4.02650003E-05 0.164021 0.000237465007 -0.000144307007 1.25489996E-05
45962 2220 1.88569796 0.0175754093 0.164521202 0.000353036012 -0.205916405 6.91278315 1.88645995 0.000268303003 -0.000176197995 3.66150016E-05 0.164348006 0.000241595 -0.000152287001 3.40219995E-05
46008 506 1.88507998 0.0188996494 0.165692106 0.0149845602 1.65458202 11.5877895 1.88461995 0.000619748025 -0.000426273997 6.1687002E-05 0.166729003 0.000531848986 -0.000175205001 5.28689998E-05
46009 708 1.88443196 0.0168341491 0.1678904 0.0151484702 1.70331597 9.81060219 1.88478005 0.000480858987 -0.000205150005 5.50379991E-05 0.168443993 0.000470969011 -0.000166950005 5.68950018E-05
46010 1791 1.88041103 0.0186924804 0.167691305 0.000389482011 2.75745702 10.1039696 1.88153994 0.000338509999 -0.000215084001 3.91479989E-05 0.168284997 0.000299746986 -0.000187843994 3.41560008E-05
46011 433 1.87536204 0.0166183691 0.169409096 0.000828613993 5.34593296 8.61106586 1.87572002 0.000437724986 0.000218722998 2.63750007E-05 0.181876004 0.000371561997 -0.000445070007 2.85400001E-05
46012 439 1.87819898 0.0181891602 0.169407204 0.0151623199 3.05294704 8.82008934 1.87989998 0.000614914985 -0.000365841988 6.45769978E-05 0.170597002 0.000578826002 -0.000148520005 6.26070032E-05
46013 140 1.874856 0.0186493006 0.170334607 0.0137237804 7.65359497 8.64272594 1.88512003 0.000323791988 0.000259404012 2.61429996E-05 0.235100999 0.000136403003 0.00427473988 1.06309999E-05
46022 94 1.87144005 0.0249993391 0.1662682 0.00219534501 6.15663385 11.3229303 1.86050999 0.000146011997 0.00105676998 3.81060017E-05 0.176915005 1.9997E-05 -0.00175010995 1.27800001E-06
46025 796 1.87975204 0.0176817998 0.1686849 0.000551722012 -1.98562896 8.83073235 1.87926996 0.000461855001 -0.000220054993 5.49350007E-05 0.168883994 0.000420903001 -0.000112825997 4.86280005E-05
46026 329 1.87844002 0.0171539895 0.170422196 0.0164158903 -1.37285805 9.43209934 1.87175 0.000598183018 0.000912483025 3.33850003E-05 0.170741007 0.00057501602 -0.000668968016 3.02869994E-05
46029 309 1.88015497 0.0184669308 0.171532899 0.00102239696 -3.97376204 7.81196308 1.87819004 0.000564677001 -0.000188228005 3.22849992E-05 0.165770993 1.27969997E-05 -0.000377174001 7.46000012E-07
46031 3096 1.87728703 0.0184289794 0.172477007 0.0157181509 -0.377848297 9.5221138 1.87742996 0.000235654006 -0.000206754994 2.82500005E-05 0.172069997 0.000217353998 -0.000187316997 2.54740007E-05
46032 1082 1.87587404 0.0178031791 0.172196105 0.000515491003 0.0573803708 9.47918415 1.87645996 0.000395682 -0.000219499998 4.57599999E-05 0.172560006 0.000353902986 -0.000247808988 4.44760008E-05
46035 2292 1.87633801 0.0176972393 0.169353902 0.000329666014 2.66195703 6.48201323 1.87758005 0.000265212002 -0.000364939013 3.48569993E-05 0.170157 0.000230460995 -0.000232513004 2.78980006E-05
46042 16777 1.87073004 0.0182180498 0.172701403 0.000126521001 3.33295298 7.97682095 1.87187004 0.000107965003 -0.000304504007 1.32260002E-05 0.173125997 9.84409999E-05 -0.000166825004 1.22359997E-05
46043 2224 1.86832094 0.0181011092 0.173101604 0.000346065994 2.6418829 8.25093365 1.86918998 0.000273067009 -0.000289145013 3.38509999E-05 0.173316002 0.000246723008 -0.000151564003 2.94769998E-05
46044 221 1.87022305 0.0164500792 0.174055904 0.0128249303 1.73854196 7.65186119 1.87876999 0.000161389995 7.80289993E-05 9.32500006E-06 0.175047994 1.22780002E-05 -0.000157842005 6.52999972E-07
46047 7535 1.87367499 0.0185517892 0.166430205 0.0180969499 2.61273003 7.17528296 1.87487996 0.000163477001 -0.000335171993 2.17819997E-05 0.166820005 0.000159787 -0.000142388002 2.22519993E-05
46048 1530 1.87367105 0.0175908692 0.168868795 0.01615154 3.5453341 7.06629705 1.87091005 0.000250212994 -0.000821370981 1.51900003E-05 0.170880005 0.000246562995 -0.000336118013 1.30400003E-05
46049 717 1.87166905 0.0171133298 0.169231907 0.0146491705 4.56195402 6.71906424 1.87301004 0.00030117901 -0.00055724202 2.42900005E-05 0.169386998 0.000317147991 -0.000174137007 2.11660008E-05
46050 3546 1.90767205 0.0180902407 0.167375699 0.000283547997 2.66030502 7.45332193 1.90819001 0.000227555007 -0.000207727004 2.9416E-05 0.167806 0.000214825995 -0.000112070004 2.83669997E-05
46052 1335 1.91085601 0.01850993 0.167368293 0.000460803014 1.57460403 8.12145996 1.91128004 0.000355244003 -0.000237608998 4.33509995E-05 0.167512 0.000324113003 -0.000185206998 3.88640001E-05
46053 1275 1.90902102 0.0177061502 0.168561399 0.000462352007 2.46840501 7.43712711 1.90986001 0.000375069998 -0.000188592006 4.70769992E-05 0.170212001 0.000281431014 -0.000301802997 1.48420004E-05
46054 5457 1.90917695 0.0185544193 0.169079795 0.000219737005 1.895437 7.492136 1.90945005 0.000182713993 -0.000205974007 2.48889992E-05 0.169225007 0.000167895007 -0.000141227007 2.2835E-05
46056 6749 1.90938604 0.0188997705 0.169591397 0.000201877003 1.18498802 7.78634596 1.90960002 0.000162623997 -0.000191080006 2.17769993E-05 0.169921994 0.000144520993 -0.000166193 1.91420004E-05
46062 194 1.87427998 0.0141111203 0.165396705 0.00112479005 1.22651601 7.74932384 1.87466002 0.000608992006 -0.000363199011 3.84599989E-05 0.164088994 7.85199973E-06 -0.000181295996 4.80999972E-07
46064 2104 1.873878 0.0173739903 0.166613296 0.0148156397 2.04313803 7.84087515 1.87445998 0.000268050004 -0.000231112004 3.41160012E-05 0.167241007 0.000249687 -0.000149134998 3.28069982E-05
46067 2237 1.87408602 0.01809684 0.168881997 0.000367077999 0.696870029 8.76989365 1.87471998 0.000269920012 -0.000283181987 3.44010004E-05 0.168900996 0.000254415994 -0.000187362995 3.08199997E-05
46068 903 1.87114799 0.0180003308 0.170810893 0.000579475018 0.757512212 8.94478512 1.87185001 0.000428021012 -0.000215488006 5.09029996E-05 0.171393007 0.000373399991 -0.000256508007 4.37019989E-05
46072 2136 1.89073896 0.0187071804 0.175272599 0.0156518295 2.95914197 8.43486118 1.89192998 0.000310047006 -0.000335101009 3.63420004E-05 0.175919995 0.00026776499 -0.000259004999 3.18460006E-05
46073 951 1.89011598 0.0195260495 0.175167501 0.0165860895 3.567173 8.24546242 1.89155996 0.00044353999 -0.000477354013 4.83609983E-05 0.176165998 0.000396474992 -0.000332319003 4.5711E-05
46074 2434 1.89068794 0.0191898607 0.175844997 0.0168811604 3.38169503 8.53620911 1.89233994 0.000289465999 -0.000270421995 3.49069996E-05 0.176569998 0.000266137999 -0.000251579011 3.22470005E-05
46075 966 1.89079595 0.0191790592 0.175687194 0.0156344492 3.4543941 9.15056133 1.89076996 0.000450149993 -0.000164679004 5.04480013E-05 0.176675007 0.000391848007 -0.000269968004 4.33829991E-05
46076 3986 1.89145803 0.0193524696 0.174980596 0.0168096907 2.04379892 8.50684929 1.89204001 0.000226049 -0.000258830987 2.83219997E-05 0.175081998 0.000199164002 -0.000283002009 2.50909998E-05
46077 5146 1.88882196 0.01910441 0.1761792 0.000243970004 2.92274094 8.58849239 1.88968003 0.000195439003 -0.000255232997 2.32250004E-05 0.176569 0.000180345 -0.000212761995 2.18690002E-05
46078 2731 1.88589895 0.0193634108 0.176936299 0.000318729988 2.41250491 9.48474216 1.88685 0.000269726996 -0.000273532991 3.0526E-05 0.177129 0.000241444999 -0.000258888991 2.78730004E-05
46079 1423 1.88510001 0.0197032001 0.177597195 0.000468226004 2.47869611 9.53931236 1.88661003 0.000368751993 -0.000300852989 4.0207E-05 0.177910998 0.000347914 -0.000275102997 4.03580016E-05
46081 789 1.88536406 0.0185575709 0.177271605 0.000643966021 2.34500599 9.83008766 1.88619995 0.000476165995 -0.000283448986 5.12430015E-05 0.178106993 0.000445204991 -0.000217199995 5.03650008E-05
46083 4535 1.88567901 0.0191577598 0.177189499 0.000261042005 2.37392092 9.97346497 1.88619995 0.000210856 -0.000311131997 2.35370007E-05 0.177855 0.000191721003 -0.000317066995 2.15359996E-05
46087 816 1.89120603 0.0181219708 0.176040798 0.0161874406 2.91860509 8.41657352 1.89234996 1.27900003E-05 -0.000286702998 7.52000005E-07 0.176328003 0.000425743987 -0.000226302 5.15050015E-05
46088 4163 1.89252305 0.0186133198 0.175743297 0.000264459988 2.44449711 8.67493439 1.89352 0.000211124003 -0.000261853012 2.57119991E-05 0.176121995 0.000198409994 -0.000277840008 2.41580001E-05
46089 4671 1.89360905 0.0183013603 0.176159397 0.0160511807 2.27065992 8.69162655 1.8944 0.000196338995 -0.000268567004 2.39109995E-05 0.176210001 0.000181648997 -0.000241197995 2.18940004E-05
46090 1266 1.89362597 0.0182795897 0.175357103 0.000500919996 2.49385309 8.61693001 1.89444005 0.000406333013 -0.000297010003 4.83440017E-05 0.176319003 0.000365459011 -0.000325383007 4.08820015E-05
46091 2188 1.89374995 0.0188503191 0.175083697 0.000378616009 2.64243603 8.69761658 1.89488006 0.000300626009 -0.00029986701 3.59469996E-05 0.175978005 0.000263992988 -0.000368959008 3.14940007E-05
46092 7355 1.89337003 0.0187295694 0.174830094 0.0166691598 2.58239698 8.78704453 1.89411998 0.000158987998 -0.000280042004 1.90770006E-05 0.175587997 0.000144542995 -0.000263975991 1.74069992E-05
46093 2037 1.89229798 0.0189169496 0.174206495 0.0172821302 2.96625304 9.15193653 1.89313996 0.000299370004 -0.000243817005 3.53020005E-05 0.175541997 0.000283552014 -0.000301135995 3.28690003E-05
46095 804 1.89026999 0.0191414505 0.173507005 0.0165044796 2.94120097 9.03457165 1.89052999 0.000399056997 -0.000201821997 2.33720002E-05 0.175767004 0.000398630014 -0.000301177002 4.41480006E-05
46096 4632 1.89251995 0.0191547498 0.173292503 0.000256353989 2.75133491 8.97673416 1.89356005 0.000207314006 -0.000241935006 2.48489996E-05 0.174180001 0.000187016005 -0.000307051989 2.17649995E-05
46097 434 1.89311504 0.0188944191 0.172644794 0.0172510706 3.44628501 8.73943043 1.89525998 0.000549787015 -0.000596056983 3.20170002E-05 0.234313995 0.000275211001 0.00273793004 1.54459995E-05
46116 3701 1.86153305 0.0214146003 0.174530298 0.000284517009 2.15460896 9.99855614 1.86202002 0.000243371003 -0.000314339006 2.72590005E-05 0.175019994 0.000199831004 -0.000298622006 2.22340004E-05
46118 3899 1.87765098 0.0184239093 0.1770899 0.0171794407 1.82554698 10.0392799 1.87804997 0.000212141997 -0.000334365992 2.30349997E-05 0.177428007 0.000204589 -0.00025979901 2.28240006E-05
46144 3581 1.89047003 0.0172964204 0.168259606 0.000277173996 3.01208496 7.26407385 1.89125001 0.000216318993 -0.000282038993 2.623E-05 0.172463 0.000160615993 -0.000904255023 8.54900009E-06
46145 4392 1.88825703 0.0177846197 0.170686603 0.0165553894 3.55671501 7.99849701 1.88949001 0.000201671006 -0.000383401988 2.38089997E-05 0.171713993 0.000190482999 -0.000281015004 2.36720007E-05
46146 7863 1.89575303 0.0176823903 0.170850605 0.000194660999 2.28168988 8.30029011 1.89633 0.000149141997 -0.000245500007 1.82660006E-05 0.171611995 0.000140667995 -0.000286530005 1.74699999E-05
46148 2436 1.89317596 0.0182697009 0.171266407 0.0168685596 2.41005611 8.64714146 1.89384997 0.00027272501 -0.000312126998 3.23450004E-05 0.171792001 0.000251188001 -0.000301680004 2.98800005E-05
46149 3920 1.89212704 0.01783159 0.169646606 0.00027597 2.26875091 8.7047081 1.89205003 0.000209061996 -0.000187862999 2.50600006E-05 0.170153007 0.000199093003 -0.000300368993 2.42890001E-05
46150 1515 1.89246702 0.0179989599 0.170352504 0.0166398007 0.707177997 8.87568474 1.89249003 0.000331315008 -0.000209339007 3.90189998E-05 0.170659006 0.000311813987 -0.000218861998 3.85950007E-05
46152 1424 1.88945794 0.0174217597 0.170448303 0.000445084996 -0.31673339 8.95508862 1.88981998 0.000334938988 -0.000157568997 3.99160017E-05 0.169934005 0.000328066992 -0.000246339012 3.98230004E-05
46153 3171 1.89217901 0.0186111405 0.172802195 0.0159067903 -0.630281985 8.96020508 1.89207995 0.000232983002 -0.000292881014 2.71370009E-05 0.172447994 0.000205192002 -0.000229376004 2.43009999E-05
46154 1039 1.888152 0.0176097099 0.174801096 0.0154946698 -0.376297891 9.27972984 1.88791001 0.000393802009 -0.000292937999 4.65000012E-05 0.174238995 0.00035930099 -0.000328347989 4.10030007E-05
46160 2494 1.88932502 0.0172596909 0.173458204 0.0160683393 2.63633394 6.73066616 1.89054 0.000262043992 -0.000337194011 3.37589991E-05 0.174186006 0.000240274996 -0.00026258899 3.15059988E-05
46161 13751 1.88868999 0.0172103401 0.174645707 0.000144185004 2.82719398 7.35413313 1.88941002 0.000112768001 -0.000284208014 1.47640003E-05 0.175202996 0.000107658001 -0.000262724992 1.43429997E-05
46164 2932 1.88847804 0.0175321903 0.175201505 0.000312296994 2.87947989 7.7693882 1.88916004 0.000244930008 -0.000284187001 3.02419994E-05 0.175721005 0.000232468999 -0.000259341992 2.91529996E-05
46165 3757 1.88830996 0.0178167 0.175119594 0.0163594 3.03116703 7.96840096 1.88906002 0.000222343995 -0.000285295013 2.78520001E-05 0.175819993 0.000204694996 -0.000275122991 2.52129994E-05
46166 5199 1.889377 0.0173823405 0.174653694 0.000232908002 2.66048503 7.97911119 1.88985002 0.000176910995 -0.000270841003 2.25620006E-05 0.175307006 0.000169703999 -0.000255532999 2.18189998E-05
46167 0 0.0000000 0.0000000 0.00000000 0.00000000 0.00000000 0.00000000 0.173770994 0.000132197005 -0.000266174 1.62519991E-05 0.173770994 0.000132197005 -0.000266174 1.62519991E-05
46173 290 1.89516604 0.0160977002 0.169779703 0.00106775702 2.96636891 7.41054392 1.90439999 0.000393757015 -0.000470962987 2.9457E-05 0.170460001 0.00075380702 -0.000322973006 9.41249964E-05
46176 580 1.890576 0.0164347291 0.173758402 0.000716011971 2.55441403 8.23471355 1.89096999 0.000521306996 -0.000222846997 6.69299989E-05 0.175448999 0.000451975007 -0.000401925994 5.03459996E-05
46177 5461 1.89113104 0.0176779106 0.173524305 0.000230701 2.8440659 8.67646313 1.89224005 0.000178061993 -0.000277696992 2.14920001E-05 0.174398005 0.000169912993 -0.000317411002 2.03649997E-05
46178 5020 1.89024496 0.0175177008 0.174236 0.0163425393 3.04801798 8.94814014 1.89161003 0.000190382998 -0.000310645002 2.26209995E-05 0.174761996 0.000176948 -0.000229148005 2.12890009E-05
46180 2612 1.89059603 0.0181242805 0.174277201 0.0162600204 3.12909389 8.73413754 1.89120996 0.000257373002 -0.000325239002 2.93800003E-05 0.174968004 0.000238948007 -0.000265137991 2.88079991E-05
46193 10475 1.90072095 0.0174001809 0.166239098 0.0169592705 3.19947791 7.0720129 1.90172994 0.000133209003 -0.000311226991 1.74399993E-05 0.166949004 0.000129000997 -0.000232866005 1.70959993E-05
46194 4355 1.90083098 0.0171920601 0.170893505 0.000258876011 2.96256304 7.43429995 1.90148997 0.000201364004 -0.000298499013 2.59490007E-05 0.171620995 0.000191954998 -0.000219652007 2.50689991E-05
46198 4400 1.90000296 0.0179920103 0.171604395 0.000260050991 2.7678349 7.9336772 1.90067995 0.000200983995 -0.000229123994 2.54080005E-05 0.172539994 0.000188571998 -0.000299165986 2.37830009E-05
46199 2328 1.89952004 0.0170465298 0.172598407 0.000352703995 2.64006209 8.02781582 1.89946997 0.000265468989 -0.000213993 3.17830018E-05 0.173084006 0.000259049993 -0.000253011007 3.15799989E-05
46200 570 1.89929497 0.0171523392 0.173211306 0.0158542804 2.782372 7.94151592 1.90146995 0.000383487 -8.74679972E-05 2.52219997E-05 0.240401 9.41749968E-05 0.00373970997 4.97500014E-06
46201 5117 1.89927006 0.0175199192 0.172723904 0.01696104 2.70781398 8.29417324 1.89969003 0.000184542005 -0.000281571003 2.31520007E-05 0.173345 0.000179969007 -0.000291386998 2.21139999E-05
46202 8870 1.89779794 0.0180847906 0.173192695 0.0165028498 2.6700201 8.54317474 1.89875996 0.000142459001 -0.000299854 1.72029995E-05 0.173770994 0.000132197005 -0.000266174 1.62519991E-05
46203 8321 1.89631903 0.0180221796 0.172144607 0.000191943996 2.60553098 8.91180515 1.89718997 0.000146171995 -0.000274440012 1.70589992E-05 0.172759995 0.000139430005 -0.000284437992 1.64789999E-05
46225 1912 1.90556598 0.0178724993 0.170543402 0.0156157399 3.58588505 7.62572908 1.90654004 0.000315946003 -0.000221986993 3.93010014E-05 0.171235994 0.000284862996 -0.000212719999 3.39780017E-05
46227 1492 1.89653504 0.0169373304 0.165154397 0.000439546013 3.58253002 6.469347 1.89204001 0.000246312993 -0.00113091001 1.30010003E-05 0.282590985 0.000156850001 0.00672958 9.97400002E-06
46229 1232 1.89520502 0.0170537792 0.1657684 0.000473347987 2.61217904 7.43224192 1.89608002 0.000352377014 -0.00027993301 4.16129988E-05 0.166445002 0.000331891002 -0.000296165003 3.98759985E-05
46230 10400 1.89466798 0.0178558491 0.165973395 0.000167174003 2.91958308 7.88404989 1.8951 0.000130519998 -0.000237864006 1.65540005E-05 0.166737005 0.000125570994 -0.000275770988 1.63559998E-05
46233 2986 1.89334404 0.0177300703 0.166945204 0.00031473799 1.84881997 8.21018124 1.89388001 0.000240598005 -0.000277032988 3.03409997E-05 0.167076007 0.000223541996 -0.000301969994 2.83099998E-05
46234 4043 1.88986099 0.0192063004 0.168234199 0.000269326003 2.06733704 8.2087059 1.89037001 0.000220463 -0.000241656002 2.72109992E-05 0.168899998 0.000195821995 -0.000308863004 2.4985E-05
46236 157 1.88789999 0.0167541094 0.170411706 0.0148578901 4.37446022 7.96269798 1.89565003 0.000601058011 -0.000478580012 3.60509985E-05 0.207983002 6.70009977E-05 0.00413376978 4.97800011E-06
46238 692 1.90727997 0.0177224204 0.168036297 0.0150258504 1.48728597 7.75959492 1.90702999 0.000489037018 -0.000437718991 2.90980006E-05 0.169567004 0.000465455989 -0.00022699 5.96259997E-05
46239 8221 1.90710998 0.01749539 0.168789402 0.0162626002 1.79849005 8.05648804 1.90736997 0.000140881995 -0.000268775009 1.79479994E-05 0.169012994 0.000134129004 -0.000240587993 1.74910001E-05
46240 392 1.90905297 0.0146880597 0.169409007 0.0151053099 1.61471701 7.88545179 1.90429997 0.000410662004 0.000360728009 2.67060004E-05 0.163148001 9.12019968E-05 0.000437956012 5.46899992E-06
46241 4546 1.90895104 0.0176748801 0.169537395 0.0159105994 1.35152996 8.13533974 1.90907001 0.000185657002 -0.000256271014 2.30419992E-05 0.169719994 0.000177109003 -0.000232389997 2.23070001E-05
46243 5427 1.91073895 0.0172572806 0.168993101 0.0160973407 1.28732002 7.13562489 1.91103995 0.000167200007 -0.000252891012 2.28490007E-05 0.169183999 0.000160694995 -0.000248438009 2.20589991E-05
46244 5859 1.91100097 0.0175409596 0.170715496 0.000221782 1.51550901 7.90572119 1.91117001 0.000164604004 -0.000280856999 2.09080008E-05 0.171110004 0.000159338 -0.000282557012 2.10550006E-05
46245 11087 1.90935004 0.0178025793 0.171047702 0.000159760006 2.53158498 8.09803581 1.91004002 0.000124326994 -0.000289438001 1.52850007E-05 0.171582997 0.000117702002 -0.000262140995 1.46040002E-05
46246 6052 1.908952 0.0173239708 0.171749502 0.000213723004 2.41699505 8.2922554 1.90928996 0.000170796993 -0.000211343999 2.17220004E-05 0.172546998 0.00015906 -0.000291836011 1.99540009E-05
46247 7061 1.90664995 0.0177295804 0.173150793 0.0162740108 2.41796398 8.37927055 1.90714002 0.000153700006 -0.000295778998 1.82999993E-05 0.173454002 0.000148784005 -0.000264995004 1.85289991E-05
46249 1103 1.90625095 0.0179084092 0.174203604 0.0157513507 2.034091 8.7006731 1.90655005 0.000391297013 -0.000274494989 4.53300017E-05 0.174824998 0.000350216986 -0.000397691008 4.23870006E-05
46250 10538 1.90646398 0.0180953499 0.173599496 0.000165473 2.3171761 8.590168 1.90687001 0.000132768997 -0.00025233801 1.59499996E-05 0.174331993 0.000120816003 -0.000320408988 1.48250001E-05
46251 3808 1.90479803 0.0183051396 0.174931601 0.0159135293 2.75648403 8.61617756 1.90550005 0.000215182998 -0.000248802011 2.51319998E-05 0.175483003 0.000199828995 -0.00025154301 2.36270007E-05
46257 532 1.91353405 0.0163184404 0.168848604 0.000692668022 3.49271297 7.11358118 1.91348004 0.000479162001 -0.000155471003 5.21090005E-05 0.166075006 0.000328875001 0.000207336998 2.19320009E-05
46258 5513 1.91403604 0.0172671806 0.168955103 0.0158005394 3.47093296 7.911901 1.91471004 0.000183728 -0.000279175991 2.32029997E-05 0.169441998 0.000169695995 -0.000204748998 2.15470009E-05
46259 4095 1.91414201 0.0177525599 0.169559494 0.000259071006 3.56114197 8.23097134 1.91515994 0.000210965998 -0.000298444997 2.56790008E-05 0.170041993 0.000195222994 -0.000185986006 2.35900006E-05
46261 457 1.914976 0.0176488496 0.172995001 0.0163186602 3.31188893 8.13374138 1.91485 0.000430573011 -5.74080004E-05 2.89449999E-05 0.175495997 0.000407821994 -0.000586739974 2.72870002E-05
46263 239 1.91611397 0.0150876604 0.175736398 0.001218113 3.15925002 7.77674389 1.92023003 0.000104227998 -0.000839135027 6.78800006E-06 0.176597998 0.000521321024 -0.000381591992 4.01120014E-05
46264 1593 1.91174901 0.0185539592 0.173050806 0.000427461986 3.67792106 8.70672035 1.91316998 0.000336828001 -0.000244180002 4.10329994E-05 0.174153 0.000307724986 -0.000254293991 3.53069991E-05
46265 1059 1.91275895 0.0175656807 0.172732607 0.0157355908 3.10538292 8.31982803 1.91387999 0.000408499996 -0.00025315801 4.76159985E-05 0.173100993 0.000377905002 -0.000257186999 4.38429997E-05
46266 869 1.91259301 0.0176517703 0.171946794 0.000557979976 2.96500397 8.55827141 1.91292 0.000342168001 -8.15660023E-05 1.82469994E-05 0.172061995 0.000388479995 -0.000156479 4.48659994E-05
46271 13147 1.90923798 0.0175248794 0.174422905 0.0164685007 4.15703297 9.09222412 1.91039002 0.000121573998 -0.000323605986 1.37329998E-05 0.175402999 0.000116458999 -0.000235514002 1.33639996E-05
46272 7872 1.90935099 0.0176143292 0.174217194 0.0165221803 3.67003489 9.29832935 1.91066003 0.000152742999 -0.000332452997 1.69939995E-05 0.175010994 0.000147194994 -0.000250581012 1.64110006E-05
46273 9653 1.90880096 0.0178721007 0.174600005 0.0164111406 3.765692 9.26290703 1.91001999 0.000138231 -0.000316894992 1.58059993E-05 0.175446004 0.000133552006 -0.000242565002 1.51920003E-05
46274 23922 1.90875101 0.0178146493 0.174465403 0.000111405003 3.38257599 9.69064331 1.90962994 8.76589984E-05 -0.000277254003 9.88200009E-06 0.175192997 8.30060017E-05 -0.000238395005 9.4979996E-06
46276 701 1.90936995 0.0172952302 0.170925707 0.0173911992 3.12255907 9.3748064 1.90847003 0.000393051014 -0.000146442006 2.22580002E-05 0.174086004 0.000356951001 -0.000659551006 2.10409999E-05
46277 626 1.90795505 0.0181992892 0.1710933 0.000719163974 2.857759 9.76329422 1.90954995 0.000512117986 -0.000282210007 5.64930015E-05 0.171430007 0.000482814998 -0.000267728989 5.0218001E-05
46278 11059 1.90837204 0.0181609709 0.170717195 0.0164381992 2.98256111 9.97307014 1.90890002 0.000129631997 -0.000267853 1.44169999E-05 0.171287999 0.000119793003 -0.000237479995 1.3418E-05
46279 6065 1.908921 0.0177293494 0.169615299 0.000221889 2.64022303 10.0445299 1.90976 0.000169599996 -0.000241757996 1.86479992E-05 0.170155004 0.000160203999 -0.000274868013 1.75610003E-05
46306 843 1.91704202 0.0169143509 0.172295496 0.0149007998 2.80232906 8.33625984 1.91811001 0.000438210991 -0.000287925999 4.58120012E-05 0.176256999 0.000305350986 -0.000792214007 1.61549997E-05
46307 12197 1.91762197 0.0176756606 0.172306105 0.000152970999 3.00693989 8.44378853 1.91842997 0.000121744997 -0.000252203987 1.44289997E-05 0.172969997 0.000113909002 -0.000234303996 1.36520002E-05
46308 1180 1.91706097 0.0182021093 0.173586205 0.0163709205 3.46770096 8.32018566 1.91874003 0.000385360006 -0.00031345 4.31970002E-05 0.174048007 0.000342616986 -0.000275517988 3.97570002E-05
46309 8727 1.91395295 0.0182086192 0.174627006 0.000180310002 3.18038702 8.72367477 1.91479003 0.000147733997 -0.000238224995 1.74649995E-05 0.175392002 0.000137568 -0.000236460997 1.62939996E-05
46311 5218 1.91229701 0.0177508909 0.175755799 0.000238808003 3.43138504 8.73313713 1.91328001 0.000189693994 -0.000288562995 2.25559997E-05 0.176396996 0.000177581998 -0.000265098002 2.06509994E-05
46312 1749 1.91184199 0.0181703102 0.1775866 0.0159369297 3.55327296 8.48962307 1.91267002 0.000324566005 -0.000263725989 3.71560018E-05 0.178634003 0.000299914012 -0.000259563007 3.64680018E-05
46313 2398 1.91009605 0.0183907505 0.177947 0.0166790802 4.14487886 8.66986561 1.91123998 0.000291795994 -0.000318359991 3.27160014E-05 0.179111004 0.000270957011 -0.000270477991 3.09579991E-05
46316 3996 1.910941 0.0185851809 0.177510902 0.000270307995 3.19091702 8.77365112 1.91184998 0.000224571995 -0.00029236899 2.60969991E-05 0.178340003 0.000198094 -0.000253784005 2.29319994E-05
46317 6499 1.91009605 0.01836369 0.177719101 0.000208414 3.45583892 8.82024384 1.91101003 0.000171107997 -0.000247426011 2.00030008E-05 0.178717002 0.000156859998 -0.000250290992 1.81899995E-05
46318 6703 1.90716696 0.0182290897 0.178626195 0.0171203893 3.51835489 9.03309155 1.90798998 0.000170733998 -0.000253320992 1.96479996E-05 0.179435 0.000157539995 -0.000290291995 1.84019991E-05
46319 2282 1.90604997 0.0175893996 0.178963602 0.000367819011 3.49247909 8.99509621 1.90682006 0.000273562007 -0.000230008998 3.07070004E-05 0.179782003 0.000268920005 -0.000259555003 3.12429984E-05
46324 13645 1.90875196 0.0175315607 0.178912506 0.0165727995 3.51347089 7.62552214 1.90979004 0.000117557996 -0.000313616008 1.43759999E-05 0.179534003 0.000114772003 -0.000263032009 1.45980002E-05
46325 7826 1.91015506 0.0176985506 0.1787045 0.000188826001 3.40743303 8.16098881 1.91112995 0.000152167006 -0.000289246993 1.85370009E-05 0.179464996 0.000144591002 -0.000273831014 1.79750004E-05
46326 7331 1.91025698 0.0178301092 0.179074094 0.0164165292 3.47172809 7.99011278 1.91106999 0.000162746001 -0.000286179013 2.01509993E-05 0.179961994 0.000155086993 -0.000312305987 1.93150008E-05
46327 2029 1.91077399 0.0171060693 0.178539097 0.000366254011 3.47612309 8.05845547 1.91176999 0.000287961011 -0.000262957998 3.39760009E-05 0.179447994 0.00027066801 -0.000296037004 3.18759994E-05
46328 6106 1.90766001 0.0180317406 0.179647505 0.0166107602 4.24161291 8.38448811 1.90915 0.000185159995 -0.000280492997 2.12260002E-05 0.180736005 0.000171841006 -0.000269006006 2.01839994E-05
46329 2622 1.907655 0.0177784301 0.179651394 0.000335632009 4.35432005 8.44800663 1.90855002 0.000272320991 -0.00027940399 3.18819984E-05 0.181107 0.000241752001 -0.000271764002 2.81539997E-05
46331 2549 1.90839899 0.0182733107 0.178957194 0.000349973008 3.55535793 8.79564667 1.90925002 0.00027020101 -0.000228635996 3.24169996E-05 0.179319993 0.000266715011 -0.000292375014 3.20549989E-05
46332 300 1.90786695 0.0157819595 0.179091394 0.00107055902 3.0904789 9.28573132 1.90851998 0.00057138002 -0.000399876997 5.87089999E-05 0.182695001 0.000581211003 -0.000865295005 3.49969996E-05
46333 4704 1.90813994 0.0184378792 0.177481204 0.00026106101 3.33082104 9.13214016 1.90903997 0.000198809998 -0.000288731011 2.2446E-05 0.178194001 0.000190602004 -0.000265863986 2.20910006E-05
46338 17285 1.91087997 0.0173993893 0.175605804 0.000128736006 2.90692496 8.10765553 1.91164994 0.000101202 -0.000255087012 1.26160003E-05 0.176067993 9.51140028E-05 -0.000226470002 1.17150003E-05
46339 1267 1.91216302 0.0175126996 0.178212598 0.0164311696 2.48824406 8.13315678 1.91129994 0.000303204986 9.23749976E-05 1.92879997E-05 0.178797007 0.000329842995 -0.000391245994 4.02209989E-05
46340 6213 1.91197896 0.0177114792 0.176640302 0.0162406806 1.95605505 8.18798923 1.91255999 0.000161863005 -0.000239985995 1.98859998E-05 0.177254006 0.000154007997 -0.000272547011 1.92429998E-05
46341 1031 1.91092205 0.0172454305 0.178153098 0.000529785 1.59027302 8.42689419 1.91268003 0.000386798987 -0.000293096004 4.76079986E-05 0.178477004 0.000375428004 -0.000216198998 4.67979989E-05
46342 8861 1.91148901 0.0175510403 0.177743405 0.000180435003 2.09934807 8.61488628 1.91192997 0.000136182003 -0.000286891009 1.65130004E-05 0.178287998 0.000129594002 -0.000233444007 1.61610005E-05
46344 6010 1.90993202 0.01716193 0.179072306 0.000217719993 2.55970693 9.00311184 1.91064 0.000166369005 -0.000235542 1.94429995E-05 0.179815993 0.000156944006 -0.000255472987 1.86979996E-05
46386 8461 1.91219997 0.0173043497 0.141992703 0.0162524991 3.88436389 8.83904171 1.91330004 0.000149037995 -0.000257442007 1.69939995E-05 0.142885998 0.000141550001 -0.000209734993 1.65260008E-05
46387 4702 1.91176403 0.0174407996 0.141855299 0.0161261894 4.36995506 8.9917326 1.91259003 0.000199752001 -0.000283709989 2.15719992E-05 0.142840996 0.000189218001 -0.000252878002 2.10050002E-05
46388 1864 1.91193795 0.0172279701 0.138620898 0.0155605599 3.20057797 8.4815197 1.91367996 0.000296665996 -0.000408630003 3.22470005E-05 0.139376 0.00029421199 -0.000133371999 3.37599995E-05
46390 3885 1.90897501 0.0179687403 0.139921397 0.0159588009 3.59960103 9.66144943 1.90980005 0.000224978998 -0.000228449993 2.51389993E-05 0.140765995 0.000201140996 -0.000235767002 2.23730003E-05
46391 7434 1.90897 0.0179761909 0.140907407 0.000202366995 3.30771399 9.88148308 1.90983999 0.00016014 -0.00025285501 1.77559996E-05 0.141436994 0.000150969005 -0.000216318993 1.72790005E-05
46392 2677 1.90859401 0.0180203803 0.143280402 0.00032420599 3.99766397 9.50482368 1.90929997 0.000263969996 -0.000252480007 2.9023E-05 0.144170001 0.000246284995 -0.000258910004 2.63040001E-05
46393 1986 1.90800405 0.0184464194 0.143020496 0.000393111986 3.893291 9.26089096 1.90888 0.000318381004 -0.000189807994 3.40199986E-05 0.144500002 0.000294767 -0.000263744005 3.10030009E-05
46394 608 1.90887105 0.0178257301 0.144222096 0.0157074891 4.23073101 8.80831146 1.91108 0.000427038991 -0.000540943001 2.41399994E-05 0.146484002 0.000400149991 -0.000618832011 2.10899998E-05
46399 3709 1.90764797 0.0176181495 0.143209904 0.0164659806 3.95337391 9.64809799 1.90889001 0.000230915 -0.000262971997 2.57419997E-05 0.144113004 0.000211435006 -0.000270221004 2.31880003E-05
46400 2871 1.90655005 0.01785741 0.143584505 0.000325942994 3.66489601 9.5529089 1.90745997 0.000252836006 -0.000199279006 2.86289996E-05 0.144877002 0.000241093003 -0.000228916004 2.70729997E-05
46402 1784 1.90699697 0.0178309307 0.144440904 0.000387570006 3.22618794 9.97063923 1.90754998 0.000313124008 -0.000271121011 3.26640002E-05 0.145517007 0.000277317013 -0.000218946006 3.01309992E-05
46405 3458 1.90668499 0.0173716601 0.143228605 0.0167634394 4.68136215 8.02642632 1.90741003 0.00024866499 -0.000237272994 2.79129999E-05 0.144686997 0.000237864006 -0.000298555999 2.74550002E-05
46409 9539 1.90557301 0.0179762002 0.143258795 0.0165176205 4.63959599 8.41428566 1.90661001 0.000150337 -0.000228992998 1.72220007E-05 0.144738004 0.000142841003 -0.000300941989 1.67189992E-05
46410 5942 1.90275502 0.0179122593 0.144326895 0.000227156997 4.12831593 8.61135769 1.90415001 0.000184573 -0.000298330007 2.11170009E-05 0.145109996 0.000173772001 -0.000246877986 2.0083E-05
46411 14402 1.90036798 0.0180338193 0.144918501 0.000145843005 4.2258482 8.58675766 1.90162003 0.000122216996 -0.000243885006 1.4143E-05 0.146015003 0.000113882001 -0.000270171993 1.32710002E-05
46426 2407 1.90858901 0.0174844395 0.136397004 0.0170083903 3.94820809 8.59044266 1.90937996 0.000281274988 -0.000152604 3.20219988E-05 0.137523994 0.000270788994 -0.000251518009 3.14169993E-05
46427 6042 1.90681601 0.0175053794 0.137644097 0.0170291308 3.76694608 8.61972332 1.90783 0.000171659005 -0.000254568993 1.96500005E-05 0.138445005 0.000174850997 -0.000224845004 2.04290009E-05
46429 6781 1.90643299 0.0177020393 0.1389236 0.000205371995 4.03214693 8.6483326 1.90750003 0.000169863997 -0.000198310998 1.97970003E-05 0.140173003 0.000158387003 -0.000268845994 1.79210001E-05
46432 7977 1.90335906 0.01715363 0.138750494 0.0164718498 3.89632893 8.790905 1.90447998 0.000153928995 -0.000241179005 1.72750006E-05 0.139798999 0.000147772997 -0.000283603993 1.73640001E-05
46433 13859 1.901667 0.0177526008 0.142106906 0.0167359691 3.91869998 9.06399345 1.90253997 0.000117566 -0.000235757994 1.33109997E-05 0.143105999 0.000111048997 -0.000250796002 1.29010004E-05
46440 1140 1.90009403 0.0181688201 0.143881798 0.0164137799 3.63396096 9.37990189 1.90164006 0.000396352989 -0.000297241 4.25319995E-05 0.145031005 0.000367834989 -0.000285832008 4.22289995E-05
46445 6872 1.89922905 0.0173858702 0.144635305 0.000204330994 4.0528121 9.35701942 1.90030003 0.000168714003 -0.000256197993 1.85930003E-05 0.145792007 0.000156822003 -0.000254212995 1.77269994E-05
46453 846 1.90646398 0.0163362995 0.135068893 0.0162157491 3.38453102 7.42811918 1.90822005 0.000321339001 -0.000382714003 1.95730008E-05 0.13369 0.000336656987 0.000155472997 1.77380007E-05
46460 1098 1.91213405 0.0179785304 0.133209199 0.000527562981 3.23109603 7.97272587 1.91243005 0.00038424501 -0.000240530004 4.6399E-05 0.096983403 0.000140643999 -0.00206207996 8.39299992E-06
46465 1186 1.91132498 0.0169450901 0.134454906 0.000476126996 3.46812701 7.98224497 1.91294003 0.000278935011 -0.000333978009 1.77540005E-05 0.136365995 0.000318695995 -0.000446365011 3.35330005E-05
46467 630 1.91070294 0.01583107 0.1365747 0.000674251991 2.34302902 8.24246216 1.91082001 0.000462394004 -0.000280798005 5.54949984E-05 0.137070999 0.000452923006 -0.000268225005 5.37250016E-05
46469 1128 1.91061902 0.0174362604 0.134863898 0.0159672797 3.72329593 8.50526237 1.91137004 0.00037930999 -0.000335260993 4.29829997E-05 0.136567995 0.000355936005 -0.000236616004 4.30990003E-05
46472 5250 1.909266 0.0180496704 0.134817198 0.0164184105 3.50391698 8.83410072 1.91043997 0.000188706996 -0.000254620012 2.23520001E-05 0.136049002 0.000176507005 -0.000269435986 2.09160007E-05
46474 3393 1.90854299 0.0178193394 0.1354772 0.000286416995 3.62724495 8.59809208 1.90927994 0.000234027 -0.000206144003 2.80490003E-05 0.136114001 0.000221166003 -0.000232991006 2.62670001E-05
46476 345 1.90935302 0.0165962502 0.136029407 0.000851896009 3.17090011 7.90077209 1.90897 0.000475735986 1.30070002E-05 2.98260002E-05 0.142355993 0.000147536994 -8.81840024E-05 8.51799996E-06
46478 261 1.90842903 0.0156809893 0.1362423 0.001001806 3.67479491 7.71895123 1.90472996 0.000625354995 -0.00102363003 3.30580006E-05 0.136263996 0.000526210002 -0.000293202 2.77060008E-05
46479 354 1.91080403 0.0148388604 0.136004403 0.000866378017 2.94431305 9.27650642 1.91885996 0.000450051011 -0.000678810989 2.90860007E-05 0.135507002 0.000196437002 -0.000168251994 1.03410002E-05
46480 439 1.91066301 0.0175683703 0.134922996 0.000771486026 3.17630601 7.88291883 1.91190004 0.000453337998 -0.00044540799 3.25440014E-05 0.136561006 0.00049660902 -0.000453930988 4.6494999E-05
46482 555 1.91095698 0.0168111399 0.134949699 0.0159758795 3.51460791 7.53951311 1.91041994 0.000392348011 8.04369993E-05 2.80669992E-05 0.136584997 0.000505312986 -0.000347713998 5.29479985E-05
46538 657 1.90836895 0.0163635798 0.134432703 0.0162618104 5.34724903 8.56771564 1.91104996 0.000570319011 -0.000286238996 6.3790998E-05 0.135798007 0.000535856001 -0.000282741996 5.51279991E-05
46540 6592 1.90450394 0.0176598709 0.134250894 0.0161750596 6.32565594 8.71602821 1.90587997 0.000188532998 -0.000226503995 2.01090006E-05 0.136105001 0.000178796006 -0.000268551987 1.89790007E-05
46541 1069 1.90683901 0.0166431908 0.135180399 0.00049714098 6.0212512 8.48485279 1.90827 0.000276031991 -0.000227972996 1.76159992E-05 0.129522994 0.000242424998 0.000613996002 1.4272E-05
46543 2130 1.90462303 0.0180041492 0.135612205 0.0163022298 6.35397291 8.73725033 1.90575004 0.000334022014 -0.000277454004 3.57019999E-05 0.137243003 0.000296965998 -0.000257820997 3.10079995E-05
46544 1069 1.90046799 0.0173153803 0.134091705 0.000531437981 6.92969608 8.96428776 1.90412998 0.000282316993 -0.000237169006 1.69480008E-05 0.138240993 0.00027511199 -0.000553858001 1.4493E-05
46545 2129 1.90466106 0.0184916202 0.1350348 0.000366118009 5.78731203 9.19842529 1.90616 0.000326656998 -0.000207538993 3.40029983E-05 0.136307001 0.000285940012 -0.000271054014 3.05239992E-05
46548 784 1.905352 0.0180392805 0.135895506 0.000643936975 5.82140493 9.39013672 1.90749002 0.000453846995 -0.000346193003 4.45500009E-05 0.137822002 0.000469883002 -0.000239663001 4.92229992E-05
46549 1654 1.902426 0.0190598499 0.136458904 0.000427410007 6.52599096 9.81713676 1.90401995 0.000373332994 -0.000261090987 3.84640007E-05 0.137812003 0.000322398002 -0.000255393999 3.28300011E-05
46553 2887 1.90184295 0.0183797497 0.136769101 0.000334278011 6.65531921 9.22678566 1.90339005 0.000285232003 -0.000255593011 2.96979997E-05 0.139190003 0.000272425008 -0.000250001991 3.00899992E-05
46554 280 1.89615703 0.0164346807 0.137590006 0.0137464004 6.985847 9.52836704 1.90099001 0.00050250598 -0.000587671006 3.07549999E-05 0.138863996 0.000533417973 -0.000168230996 5.32529994E-05
46555 210 1.89582896 0.0166743398 0.135773793 0.0140373297 7.15466499 8.39827538 1.91825998 0.000460748008 0.00146379997 3.4531E-05 0.120716996 4.55129993E-05 -0.00160133 3.29099998E-06
46562 1730 1.89893401 0.0178565606 0.136555895 0.0161195397 6.24208403 10.09272 1.90052998 0.000348211994 -0.000261139008 3.42640014E-05 0.138504997 0.000317410013 -0.000267030002 3.33339995E-05
46563 615 1.89999998 0.01842485 0.136829704 0.000719974982 5.68303013 9.27230072 1.89985001 0.000580875028 -0.000288042997 5.85730013E-05 0.140478998 0.000476841 -0.000384212995 4.45500009E-05
46566 396 1.90122497 0.0165376794 0.136713594 0.0165013298 6.35353708 10.77773 1.90172005 0.000669469999 -0.000309138995 6.72399983E-05 0.140606001 0.000194306995 -0.000652207993 1.02280001E-05
46567 607 1.89734805 0.0173657704 0.136925802 0.0148820598 6.62959719 10.4379997 1.89760995 0.000536947977 -0.000116313 5.16670007E-05 0.138319999 0.000454611989 -0.000178390997 4.36139999E-05
46568 530 1.89930797 0.0185913499 0.135428295 0.000739481999 6.17841101 9.76400566 1.90078998 0.00062069 -0.000208887999 5.91579992E-05 0.137071997 0.000587182003 -0.000250204001 5.95989986E-05
46569 491 1.89639997 0.0160051808 0.136438504 0.0151657797 6.50134706 9.89845276 1.90244997 0.000375373987 -0.000370271009 2.49549994E-05 0.0772250965 0.000192777996 -0.00438862992 1.14929999E-05
46578 516 1.896541 0.0162249301 0.143585995 0.000636145007 3.30151701 7.01326799 1.87881994 0.000350276998 -0.000163655001 2.53050002E-05 0.112584002 7.3260002E-05 -0.00209914008 4.96199982E-06
46580 1044 1.90667605 0.0183892101 0.145135105 0.000541226007 3.49288797 7.81949186 1.90770996 0.000326156995 -0.000268252013 2.00880004E-05 0.149048001 0.000132757996 -0.000782748975 7.8109997E-06
46581 2621 1.90339804 0.0184234604 0.145123094 0.0162796509 3.47912097 8.29904747 1.90418994 0.000267500989 -0.000271716999 3.24540015E-05 0.145880997 0.000245220988 -0.000199860995 2.98630002E-05
46582 941 1.90359104 0.0186938401 0.146140307 0.000556669023 3.50230789 7.92675877 1.90470004 0.000414368988 -0.000299928011 4.82510004E-05 0.145017996 0.000319015002 0.000187211001 1.68139995E-05
46583 592 1.90286398 0.0178378392 0.146171898 0.00067200599 3.84155393 8.20071697 1.91403997 0.000360984995 0.000126227998 2.25530002E-05 0.110010996 0.000301844993 -0.0023866999 1.60790005E-05
46584 2302 1.90367699 0.0178268794 0.145484596 0.000342362997 3.53602099 8.19629002 1.90458 0.000221330003 -0.000290780008 1.46860002E-05 0.146534994 0.000264306 -0.000177979004 3.12369993E-05
46585 5540 1.90346706 0.0180031694 0.1459492 0.000222406001 3.02727795 8.55502415 1.90395999 0.000184385994 -0.000235301995 2.24199994E-05 0.146707997 0.000168869999 -0.000213651001 2.04629996E-05
46586 1623 1.902987 0.0179475304 0.145153597 0.0161065497 3.29220605 8.16771603 1.90446997 0.000338737998 -0.000334084994 3.84289997E-05 0.147010997 0.000312622986 -0.000282727007 3.66130007E-05
46588 1302 1.90228999 0.0180060305 0.146657497 0.000469096005 2.84259295 8.60835934 1.90357006 0.000368334004 -0.000290349999 4.2869E-05 0.147158995 0.000352017989 -0.000245064002 4.16869989E-05
46589 6200 1.89964795 0.01826437 0.146877393 0.0167014599 3.46485996 8.8216114 1.90049005 0.000180421994 -0.000219395995 2.07249996E-05 0.147808999 0.000165396996 -0.00027762301 1.89809998E-05
46590 1905 1.90001702 0.0183473807 0.146474198 0.0160247702 3.18484092 8.93896198 1.90093994 0.000320118008 -0.000207710997 3.73289986E-05 0.147352993 0.000286027993 -0.000186099001 3.3237E-05
46591 2975 1.898772 0.0185126998 0.147046998 0.000315971993 3.80457592 8.73967934 1.89932001 0.000266585004 -0.000204483003 3.04189998E-05 0.148006007 0.000239328001 -0.000209353995 2.79800006E-05
46592 3254 1.89965296 0.0181705803 0.147207797 0.0165780094 3.33864999 9.19799328 1.90025997 0.000238727996 -0.000160099007 2.77170002E-05 0.147864997 0.000216230997 -0.000275144004 2.52369991E-05
46596 3985 1.89398706 0.0177160092 0.143751398 0.000276553008 0.350759715 7.39180183 1.89389002 0.000201205999 -0.000201557006 2.75019993E-05 0.143852994 0.000198937007 -0.000269562996 2.76160008E-05