  49493    164    1.94345    0.02076    0.15675    0.02452    1.69235    9.37032
  49496   1932    1.94087    0.02007    0.15422    0.02290    1.87994   10.93224
  49504  24835    1.94204    0.02021    0.16337    0.02260   -3.37993    9.07428
  49505   5070    1.94328    0.02015    0.16288    0.02266   -1.93619    9.19213
  49507  27037    1.94358    0.01977    0.16060    0.02276   -1.29202   10.24177
  49508   1222    1.94391    0.02024    0.16050    0.02318   -0.92359    9.79293
  49509  15075    1.94297    0.02022    0.16145    0.02270   -1.70088   10.70800
  49510   3948    1.94340    0.02119    0.15824    0.02365   -1.80864   11.18876
  49516   4962    1.93621    0.01994    0.15957    0.02323   -2.11834    9.98858
  49517  23559    1.93752    0.02010    0.15936    0.02307   -2.32058   10.34910
  49520   3995    1.93915    0.01975    0.15784    0.02349   -2.17107   11.16622
  49521  19453    1.94002    0.02010    0.15719    0.02316   -1.90692   11.57612
  49522    201    1.93892    0.01931    0.15628    0.02402   -1.86319   11.46132
  49523   5755    1.93913    0.01995    0.15777    0.02298   -2.58481   11.74623
  49524   2021    1.93958    0.02002    0.15693    0.02374   -3.09064   11.67841
  49525    282    1.94637    0.01858    0.15195    0.02233   -1.92951   12.39768
  49535   8655    1.94173    0.02016    0.16385    0.02310   -4.12631   10.33170
  49536    147    1.94150    0.01891    0.16004    0.02126    0.04217    9.66444
  49539   7409    1.94062    0.01990    0.16303    0.02194    1.37111   10.27962
  49540  10125    1.94338    0.01988    0.16104    0.02212    1.61483   10.39402
  49541  21932    1.94451    0.01967    0.16027    0.02196    1.11862   11.26175
  49546   5381    1.93782    0.01948    0.16324    0.02263    2.26067    9.43821
  49547  13072    1.93718    0.02022    0.16191    0.02212    2.56779   10.52597
  49548  15783    1.93624    0.02018    0.16201    0.02226    2.42699   10.74253
  49549  14357    1.93398    0.02061    0.16146    0.02228    2.17042   11.01161
  49550  16516    1.92877    0.01992    0.16179    0.02237    2.03128   10.99041
  49552   5813    1.92739    0.01965    0.16096    0.02228    2.54223   11.37328
  49553  21529    1.92791    0.02011    0.15938    0.02211    1.77839   11.57451
  49565   1613    1.93986    0.01973    0.16089    0.02169   -0.08040   10.01910
  49570   6140    1.94336    0.01986    0.16075    0.02221    1.86192   11.75448
  49574   5546    1.94018    0.01911    0.15981    0.02161    2.66277   10.49828
  49598   6986    1.94038    0.01909    0.16235    0.02234    0.21876    9.76416
  49600   4042    1.93856    0.01972    0.16353    0.02256    0.99080   10.41350
  49614  12351    1.95162    0.01966    0.15972    0.02210   -0.62040    8.47163
  49616   1246    1.95055    0.01950    0.16067    0.02201   -0.88719    9.08260
  49617  22668    1.94884    0.01987    0.16113    0.02223    0.22304    8.84108
  49629   5135    1.94235    0.01947    0.15966    0.02214   -2.09066    7.99686
  49630  12730    1.94191    0.01957    0.15932    0.02256   -1.99834    7.93898
  49631   7282    1.94096    0.01943    0.15958    0.02198   -2.62833    8.04826
  49632   5003    1.94126    0.01999    0.16012    0.02281   -2.20838    8.03394
  49634   6530    1.94325    0.01940    0.16003    0.02226   -2.24288    8.57492
  49635   8548    1.94285    0.01986    0.15955    0.02267   -1.83989    8.67356
  49636    147    1.94078    0.02000    0.16035    0.02040   -2.67527    8.61559
  49637   3100    1.94256    0.01969    0.16110    0.02239   -2.88658    8.77005
  49639   4297    1.94191    0.01943    0.15860    0.02176   -1.97692    8.98594
  49643   1903    1.93429    0.01923    0.15924    0.02157    3.43682    8.01190
  49648   6726    1.93631    0.01939    0.15734    0.02246    3.43748    8.95952
  49649  12057    1.93392    0.01974    0.15662    0.02221    3.68221    8.83266
  49650  23141    1.93422    0.01953    0.15690    0.02222    3.68708    8.66104
  49651   6165    1.93524    0.01926    0.16159    0.02176    2.22132    8.50397
  49669    371    1.93711    0.01860    0.15819    0.02115   -4.03534    7.86099
  49673   4324    1.93722    0.01936    0.15718    0.02352   -4.44805    7.78747
  49675  15503    1.93726    0.01973    0.15945    0.02283   -4.65570    8.35346
  49685  14687    1.93672    0.01913    0.15794    0.02164    5.01553    8.46710
  49686  25513    1.93733    0.01966    0.15878    0.02236    0.00356    8.73588
  49687   4446    1.93821    0.01981    0.15424    0.02216   -0.48191    9.47533
  49688   7889    1.94008    0.01988    0.15331    0.02262   -0.32821    9.61370
  49689   3486    1.93930    0.01994    0.15287    0.02241   -0.01111    9.25965
  49690   6994    1.93900    0.02056    0.15236    0.02266    0.31485    9.80700
  49692   1656    1.93677    0.01983    0.15268    0.02365    0.15132   10.25571
  49693   3903    1.93652    0.01972    0.15316    0.02289   -0.16422   10.70362
  49694   1052    1.93746    0.01915    0.15264    0.02382   -0.10136   10.77160
  49695   5127    1.93852    0.02047    0.15402    0.02336   -0.26501   10.67102
  49696   2266    1.93795    0.01988    0.15350    0.02254   -0.36711   10.44450
  49697   6398    1.93658    0.01984    0.15336    0.02243    0.39747   10.71792
  49698   5504    1.94001    0.02003    0.15147    0.02275    0.07742   11.04132
  49700   5002    1.93969    0.02012    0.15033    0.02286   -0.18957   10.95633
  49713   9390    1.93481    0.01927    0.16056    0.02188    1.00491    9.77066
  49714   8884    1.93420    0.01946    0.15943    0.02192    1.89386    9.87905
  49715    388    1.93562    0.02061    0.15726    0.02220    2.20333    9.95893
  49716   3639    1.93485    0.01952    0.15977    0.02187    1.55218    9.79816
  49717   5757    1.93491    0.01940    0.16005    0.02232    1.37785    9.93852
  49718  25468    1.93615    0.01995    0.16136    0.02214    1.39708   10.28867
  49719   4824    1.93833    0.01948    0.16231    0.02242    1.56122   10.26634
  49720   6999    1.93860    0.01987    0.16261    0.02237    1.46261   10.27812
  49723   2272    1.93613    0.02063    0.16309    0.02244    2.45394   10.70513
  49724  16540    1.93650    0.01989    0.16121    0.02253    2.40858   10.80919
  49725   2174    1.93541    0.01986    0.16127    0.02297    2.32182   10.91803
  49727   2020    1.93290    0.02016    0.16363    0.02208    1.79060   10.76200
  49729    363    1.93834    0.02158    0.16557    0.02471    2.41564   10.57810
  49742  13129    1.93726    0.02026    0.16184    0.02216    0.03024   10.32519
  49744   8615    1.93610    0.01989    0.15936    0.02240    1.15229   10.95857
  49745   1784    1.93682    0.02064    0.16032    0.02327    0.39499   10.43165
  49746   6863    1.93747    0.02030    0.15985    0.02207    0.18415   10.87195
  49747   9789    1.93869    0.02087    0.15923    0.02262    1.67657   10.71093
  49748   1688    1.93760    0.01974    0.15934    0.02234    1.34176   10.67305
  49749   5648    1.93772    0.01991    0.16051    0.02284    0.23967   11.05820
  49750  14281    1.93928    0.02021    0.16067    0.02228    0.89378   11.13218
  49751   8899    1.93902    0.02038    0.16016    0.02252    1.83953   11.27322
  49752   3706    1.93941    0.01993    0.15975    0.02207    1.19295   11.27462
  49753   2862    1.93865    0.02035    0.16097    0.02244    0.44484   11.52819
  49754    900    1.93811    0.02055    0.16049    0.02325    0.29314   10.40443
  49755  22191    1.93783    0.02028    0.16093    0.02247    0.62299   11.56688
  49759   1629    1.93353    0.02004    0.16078    0.02178    0.08086   10.05967
  49760   1063    1.93394    0.02004    0.15993    0.02176    0.29737    9.67801
  49761  10581    1.93380    0.01996    0.15935    0.02211    0.17901    9.72170
  49762  10729    1.93545    0.01978    0.15928    0.02220    0.55015    9.71801
  49765  11219    1.94649    0.01987    0.19382    0.02226    0.02903   10.62177
  49767  11534    1.94954    0.02000    0.19710    0.02237    0.21927   10.98322
  49768   2136    1.94930    0.01899    0.20070    0.02104    0.40348   10.42796
  49771   1867    1.94961    0.01970    0.20146    0.02262    0.41621   10.80157
  49772  19903    1.95049    0.01996    0.20416    0.02226    0.27498   11.25382
  49780  11595    1.93809    0.02009    0.16700    0.02206   -0.02108   10.16913
  49781  13923    1.93636    0.02031    0.16759    0.02222   -0.15635   10.13742
  49782  16182    1.93641    0.02026    0.16917    0.02276    0.01658   10.32330
  49783   9835    1.93912    0.02011    0.16958    0.02288    0.36186   10.42338
  49784   2139    1.94005    0.02037    0.16829    0.02176    0.20726   10.49002
  49785   4305    1.93915    0.02034    0.16822    0.02191    0.39105   10.69154
  49786   3359    1.93819    0.01977    0.16847    0.02220    0.47073   10.46238
  49787   7295    1.93940    0.01961    0.16768    0.02210    0.56710   10.74742
  49788   2196    1.93959    0.01918    0.16836    0.02167    0.75723   10.50535
  49789   7694    1.93761    0.02007    0.16887    0.02213   -0.05788   10.84864
  49790  20910    1.93820    0.01980    0.16895    0.02225    0.03193   10.90306
  49791  16625    1.93883    0.01995    0.17280    0.02231   -0.40979   11.10927
  49792   3072    1.93964    0.01991    0.17423    0.02223   -0.28605   11.17017
  49798  11158    1.93830    0.01987    0.16523    0.02257    2.05460   10.89279
  49799  22033    1.93789    0.02003    0.16433    0.02242    3.41800   10.93626
  49800   8842    1.93941    0.01978    0.16495    0.02215    3.68548   11.10101
  49801  16522    1.93848    0.02011    0.16304    0.02224    2.93345   11.37780
  49804   2484    1.93734    0.02021    0.16135    0.02278    3.45944   11.10833
  49805  13989    1.93730    0.02000    0.16035    0.02256    3.33574   11.54072
  49806   2343    1.93658    0.02031    0.16046    0.02267    2.78254   11.90129
  49807  15333    1.93813    0.01997    0.15877    0.02265    3.42734   11.83008
  49808   3733    1.93818    0.02019    0.15989    0.02256    3.31089   11.68466
  49809      1    2.39000    0.00000    0.09000    0.00000  -25.00000    0.00000
  49820   5659    1.93482    0.01987    0.15837    0.02180    0.67924   10.27160
  49821   3289    1.93543    0.01936    0.15856    0.02202    0.72701   10.66546
  49822   1025    1.93539    0.01965    0.15832    0.02096    1.56252   10.29044
  49823  10015    1.93690    0.02004    0.15775    0.02211    0.89733   10.72998
  49824   6008    1.93650    0.02005    0.15859    0.02279    0.38094   10.82139
  49825   2440    1.93724    0.01985    0.15907    0.02233    0.42084   10.71238
  49826   9640    1.93577    0.01983    0.15861    0.02212    0.88231   11.06754
  49827   5552    1.93488    0.01922    0.15887    0.02278    1.44168   10.68421
  49828   3202    1.93480    0.02049    0.15734    0.02234    1.16778   11.15441
  49829   1339    1.93368    0.01920    0.15806    0.02287    0.82893   10.20095
  49831   2122    1.93366    0.02016    0.15900    0.02231    0.89087   11.03436
  49832  26046    1.93456    0.02002    0.15896    0.02268    1.17915   11.13608
  49834  10866    1.93719    0.01972    0.15833    0.02236    1.19891   11.61150
  49835   1495    1.94254    0.01936    0.16142    0.02243    0.40101   11.42390
  49837   1023    1.94585    0.01994    0.16655    0.02173   -0.60061   10.87546
  49844   3738    1.93633    0.01934    0.15951    0.02082    7.41983    9.19718
  49845  14492    1.93561    0.01926    0.15960    0.02106    7.19939    9.26618
  49846   5128    1.93444    0.01905    0.16104    0.02107    6.60477    9.77105
  49847  10446    1.93685    0.01934    0.16016    0.02209    7.57574    9.80964
  49848  12399    1.93747    0.01947    0.16061    0.02179    6.86030   10.02826
  49849   8125    1.93549    0.01969    0.15944    0.02163    6.83162   10.23221
  49850   8168    1.93299    0.01938    0.15808    0.02170    6.84577   10.25290
  49851   8087    1.93462    0.01957    0.15844    0.02178    5.91792   10.55513
  49852   4913    1.93385    0.01993    0.15875    0.02155    5.91427   10.62887
  49853    576    1.93406    0.01991    0.15886    0.02163    6.05724   10.16106
  49854   3008    1.93466    0.01944    0.15763    0.02190    5.95426   11.21225
  49856   8602    1.93845    0.01987    0.15880    0.02216    0.82671   10.83776
  49857   2126    1.94385    0.01973    0.16080    0.02108    1.17746   10.79929
  49858    493    1.94879    0.02037    0.16470    0.02183   -1.77611   10.31542
  49861   1023    1.93748    0.01965    0.16502    0.02153    1.53560    8.22016
  49862   9720    1.93696    0.01934    0.16545    0.02158    0.95162    8.69017
  49863  19240    1.93918    0.01973    0.16597    0.02192    1.10000    9.21641
  49864  14786    1.93955    0.01978    0.16622    0.02244    0.45315    9.54177
  49865   3763    1.94019    0.01936    0.16536    0.02229    1.35612   10.00058
  49866   1669    1.93503    0.01943    0.16466    0.02173    0.34351    9.69186
  49867  10231    1.93803    0.02016    0.16513    0.02209    0.82538    9.80914
  49868   8545    1.93754    0.01968    0.16367    0.02211    1.46700   10.02763
  49869   6618    1.93901    0.01988    0.16386    0.02212    1.60803   10.28596
  49871    240    1.94281    0.01890    0.16239    0.02286    0.92612   10.56859
  49872    213    1.94277    0.01952    0.16588    0.02050    1.56113    9.61111
  49873    928    1.93920    0.01992    0.16395    0.02250    0.93306    9.95541
  49874  10925    1.93950    0.02028    0.16425    0.02274    1.44453   10.66112
  49876    757    1.93872    0.02057    0.16354    0.02285    2.60199   11.14130
  49880    158    1.93930    0.01940    0.16609    0.02281    0.66004    9.50466
  49881   2740    1.93957    0.01964    0.16305    0.02177    1.29876   11.04146
  49886   4189    1.93328    0.02009    0.16431    0.02255    1.52309   11.98626
  49887   5504    1.93347    0.01962    0.16449    0.02288    1.89152   11.78827
  49888  11718    1.93530    0.02009    0.16395    0.02312    1.38636   12.17074
  49889    843    1.93383    0.01972    0.16481    0.02238    1.65902   11.68940
  49890   8026    1.93478    0.02003    0.16381    0.02291    1.69183   12.04878
  49891   6485    1.93548    0.02036    0.16326    0.02247    1.60166   12.07832
  49892   6706    1.93517    0.02065    0.16386    0.02267    1.89956   12.07155
  49894   1681    1.93550    0.02047    0.16443    0.02314    1.45636   12.02824
  49895    974    1.93603    0.02044    0.16308    0.02357    1.55214   12.61228
  49896   7693    1.93340    0.02017    0.16235    0.02298    2.15349   12.19161
  49903   2313    1.93805    0.02041    0.16345    0.02208    4.97302   10.34487
  49904  20424    1.93753    0.02006    0.16524    0.02211    3.92529   10.53123
  49905   8084    1.93652    0.01974    0.16488    0.02240    3.62130   10.57485
  49906   1665    1.93564    0.02004    0.16465    0.02233    3.39051   10.65029
  49907   4169    1.93586    0.01952    0.16450    0.02259    3.64731   10.60003
  49908   8158    1.93600    0.01966    0.16542    0.02215    3.68236   10.69631
  49909   4165    1.93504    0.01980    0.16477    0.02217    4.05399   10.66922
  49910   1753    1.93378    0.01998    0.16421    0.02185    4.85063   10.89596
  49911   3823    1.93315    0.01998    0.16505    0.02266    3.33460   10.77008
  49912   3275    1.93632    0.02045    0.16350    0.02271    3.91508   10.90440
  49913   4193    1.93707    0.01979    0.16331    0.02274    4.02415   10.96643
  49914    268    1.93836    0.02019    0.16268    0.02064    4.30064   11.39986
  49916   1498    1.93707    0.01967    0.16301    0.02225    3.82101   10.69106
  49917   7729    1.93693    0.01963    0.16233    0.02228    3.92940   11.02662
  49918   2638    1.93812    0.01908    0.16184    0.02241    3.92939   10.50258
  49920   6819    1.93701    0.01924    0.16139    0.02192    4.31647   11.08836
  49921   6014    1.93734    0.01991    0.16119    0.02270    3.59640   11.16021
  49922   8351    1.93725    0.01954    0.16125    0.02200    3.30145   11.30352
  49923   2457    1.93723    0.01910    0.16128    0.02142    3.45229   11.09990
  49924   3944    1.93836    0.01951    0.16061    0.02238    3.10958   11.12953
  49925   8675    1.93725    0.02014    0.16059    0.02217    3.87385   11.42892
  49926   2004    1.93699    0.02031    0.16075    0.02218    3.64960   11.46561
  49927   1360    1.93619    0.01974    0.16058    0.02241    4.36015   11.22198
  49928   1204    1.93460    0.02022    0.16264    0.02240    2.69127   11.08572
  49929   1610    1.93989    0.02030    0.15990    0.02210    2.51573   11.23056
  49930   4882    1.94432    0.02050    0.15910    0.02248    3.58630   11.69559
  49931   1042    1.94437    0.01960    0.15960    0.02279    3.62797   11.57603
  49932   2094    1.94348    0.02023    0.15856    0.02281    3.97581   12.18186
  49944  17784    1.93121    0.01958    0.15651    0.02197    1.17937    9.15528
  49945   8646    1.93389    0.01942    0.15431    0.02208    0.96433    9.47242
  49946   2461    1.93394    0.01977    0.15491    0.02249    1.14259    9.40579
  49947   8757    1.93455    0.01968    0.15489    0.02246    0.99265    9.61830
  49948   4462    1.93519    0.02011    0.15575    0.02241    0.55593    9.51713
  49949   3268    1.93530    0.01991    0.15580    0.02233    0.55889    9.96238
  49950   6879    1.93655    0.01982    0.15629    0.02287    0.73834    9.98561
  49951   4360    1.93654    0.01939    0.15642    0.02219    0.93262    9.86314
  49952   3691    1.93691    0.02074    0.15670    0.02243    0.66197    9.97136
  49953    115    1.93696    0.01871    0.15539    0.02134    0.00859    9.74276
  49954   3656    1.93776    0.01954    0.15758    0.02314    0.67851    9.84598
  49955   3531    1.93694    0.01993    0.15674    0.02196    1.09039   10.26937
  49956   6039    1.93720    0.01985    0.15706    0.02251    1.00117   10.53844
  49957   9448    1.93732    0.01970    0.15758    0.02265    1.05988   10.33915
  49958  10521    1.93753    0.01930    0.15664    0.02227    1.23445   10.55946
  49959   6764    1.93650    0.01979    0.15562    0.02237    1.54847   10.71739
  49960   7502    1.93764    0.01992    0.15680    0.02216    0.14206   10.57582
  49961   8473    1.93640    0.01969    0.15704    0.02208    0.79079   10.58485
  49962   7258    1.93649    0.02010    0.15804    0.02247    0.29745   10.53913
  49963   3722    1.93675    0.01984    0.15841    0.02203    0.33394   10.88904
  49964   8104    1.93650    0.02035    0.15663    0.02252    1.19723   10.65546
  49965   1370    1.93767    0.01980    0.15537    0.02176    0.94220   11.02682
  49975    316    1.92896    0.02149    0.16704    0.02429   -1.93223   10.01203
  49976    598    1.92991    0.02006    0.16258    0.02270   -0.23520   10.97227
  49977    479    1.92537    0.02057    0.16605    0.02198   -1.78172    9.63604
  49978    577    1.92576    0.02043    0.16485    0.02245   -1.37732   10.97901
  49979    232    1.92700    0.01839    0.16210    0.02186   -0.40592   10.29541
  49980   7968    1.92640    0.02017    0.16190    0.02275   -1.22654   10.76832
  49981   2321    1.92467    0.02002    0.16064    0.02294    0.05584   10.75806
  49982    866    1.92561    0.01984    0.16033    0.02257    1.39299   10.09879
  49983  13180    1.92378    0.02012    0.15939    0.02241    1.07183   10.79018
  49984   5619    1.92406    0.02021    0.15728    0.02282    2.01781   10.52478
  49987  13843    1.92634    0.01968    0.15668    0.02191    1.88745   10.56173
  49988   6955    1.92528    0.02011    0.15959    0.02176    0.35497   10.24695
  49989   1406    1.92593    0.02028    0.16036    0.02251   -0.14912   10.00642
  49993    912    1.94847    0.01998    0.16156    0.02173    1.54087    8.95356
  49994   2107    1.93325    0.01968    0.16271    0.02190    1.79743    9.53809
  49995   3344    1.93136    0.01934    0.16185    0.02126    2.07680    9.56635
  49996  11205    1.93099    0.01934    0.16037    0.02214    2.01357    9.56001
  49997   2165    1.93154    0.01952    0.15975    0.02221    2.66019    9.75441
  49998   4408    1.93254    0.02017    0.16002    0.02233    1.55927    9.64428
  49999   3088    1.93172    0.02056    0.16054    0.02263    1.46082   10.13040
  50001   7058    1.93178    0.01995    0.16025    0.02164    1.48471    9.90649
  50002   3734    1.93154    0.01976    0.16039    0.02161    1.35282    9.83501
  50003   1764    1.93396    0.01974    0.16117    0.02312    1.26809   10.63084
  50004    328    1.93419    0.02022    0.16029    0.01965    2.24824   10.69321
  50005   6669    1.93223    0.01981    0.16054    0.02206    1.75132   10.36832
  50006   4145    1.93445    0.01996    0.16080    0.02233    1.74247   10.51384
  50007   2663    1.93558    0.02021    0.16013    0.02284    1.74366   10.27599
  50008  22048    1.93434    0.02036    0.16081    0.02284    2.19649   10.59994
  50009   7243    1.93209    0.02040    0.16000    0.02235    2.76294   10.67822
  50014   2552    1.92989    0.01992    0.16421    0.02227    2.08184    9.63414
  50015   1712    1.93154    0.01987    0.16354    0.02234    1.65493    9.58082
  50017    263    1.93339    0.02155    0.16140    0.02416    0.94124   12.06622
  50019   2326    1.93419    0.02109    0.16330    0.02283    1.30134   10.75921
  50020   2165    1.93358    0.02108    0.16343    0.02280    1.53035   10.87067
  50021   9447    1.93290    0.02043    0.16276    0.02246    1.45673   11.25590
  50022    248    1.93332    0.01935    0.16110    0.02327    0.58992   10.86239
  50023  11636    1.93340    0.02005    0.16292    0.02224    0.83555   11.38544
  50024   1297    1.93256    0.02104    0.16286    0.02134    1.48174   11.06074
  50025   7956    1.93270    0.02054    0.16362    0.02276    0.73579   11.57340
  50026  17087    1.93433    0.02032    0.16329    0.02282    0.82885   11.91666
  50027   4007    1.93453    0.01978    0.16411    0.02250    0.64439   11.25787
  50028   9940    1.93452    0.02026    0.16220    0.02226    0.87507   11.90763
  50029   3231    1.93475    0.02000    0.16150    0.02164    0.94258   11.94754
  50030   3431    1.93555    0.02072    0.16216    0.02204    0.99578   11.70636
  50031   3174    1.93388    0.02110    0.16283    0.02284    0.76298   12.01986
  50032   1026    1.93429    0.02010    0.16299    0.02342    0.37848   12.26817
  50033   2795    1.93471    0.02052    0.16298    0.02258    0.73594   11.87615
  50034    863    1.93579    0.02017    0.16347    0.02127   -0.02852   12.43185
  50035   3256    1.93676    0.02058    0.16296    0.02273    0.46640   11.86974
  50036   3904    1.93606    0.02065    0.16315    0.02269    0.51402   12.17941
  50037   1468    1.93616    0.02055    0.16301    0.02204    1.06356   12.37797
  50038    252    1.93462    0.02029    0.16065    0.02204    0.00491   11.33197
  50039   2087    1.93721    0.02093    0.16407    0.02188    0.10110   11.77102
  50040    302    1.94134    0.02127    0.16739    0.02221   -2.82416   11.16716
  50048    168    1.94091    0.01966    0.16359    0.02121   -0.86125    8.48799
  50049   3843    1.93743    0.01912    0.15818    0.02184   -0.65381    8.75854
  50050   5481    1.93460    0.01961    0.15694    0.02252   -1.07548    8.98417
  50051   7698    1.93728    0.01945    0.15730    0.02251   -0.53773    9.03110
  50052   4646    1.93752    0.01973    0.15652    0.02262   -1.06893    9.03371
  50054   1071    1.94001    0.01934    0.15706    0.02227   -0.61438    8.28211
  50055   2562    1.93768    0.01874    0.15831    0.02181   -2.44565    8.23604
  50056   1072    1.93741    0.01879    0.15711    0.02270   -2.39038    8.90299
  50058   2004    1.93703    0.01950    0.15726    0.02249   -2.04170    8.35106
  50059   1440    1.93657    0.01903    0.15820    0.02198   -1.89437    8.12719
  50061   2193    1.93709    0.01958    0.15844    0.02189   -1.62480    8.75968
  50063  12312    1.93844    0.02026    0.15916    0.02274   -1.31539   10.35692
  50064  10899    1.93870    0.02014    0.15984    0.02234   -1.08384   11.03620
  50066   4741    1.93890    0.02033    0.16040    0.02304   -1.02807   11.13988
  50068   4892    1.93925    0.01989    0.16066    0.02268   -0.65927   10.82049
  50069   7173    1.94086    0.02050    0.16066    0.02286   -1.03649   11.89973
  50075  14304    1.93312    0.01955    0.16451    0.02197   -0.70462   10.43159
  50076  15488    1.93285    0.02007    0.16438    0.02239   -0.61171   10.70374
  50078   2631    1.93104    0.02041    0.16380    0.02249   -0.03324   11.25950
  50083   2236    1.92937    0.02059    0.16248    0.02232   -0.15424   11.38618
  50085   7575    1.93036    0.02033    0.16431    0.02249   -0.68148   11.47502
  50086    252    1.93047    0.01864    0.16024    0.02104    1.15167   11.82842
  50095   7587    1.93597    0.01954    0.16284    0.02148    0.64971   10.32198
  50097  12096    1.93591    0.01972    0.16222    0.02213    0.81290   10.36963
  50098  12457    1.93596    0.01984    0.16228    0.02202    1.01683   10.61026
  50099   2453    1.93635    0.02012    0.16246    0.02193    0.36016   10.44474
  50100   7791    1.93771    0.01988    0.16288    0.02258    0.27658   10.96762
  50101   8531    1.93757    0.02003    0.16209    0.02245    0.47066   10.91498
  50102   2683    1.93861    0.01956    0.16164    0.02131    0.43071   10.96766
  50103  11910    1.93819    0.02008    0.16184    0.02241    0.24937   11.38213
  50104   8048    1.93923    0.01978    0.16135    0.02237    0.05759   11.42180
  50105   6022    1.94127    0.02012    0.16178    0.02191    0.74025   11.26102
  50106    893    1.93950    0.02078    0.16286    0.02284    1.10893   11.52329
  50107   1065    1.93939    0.02027    0.16348    0.02296    0.21390   11.21699
  50108   6378    1.93976    0.01956    0.16322    0.02186    0.19998   11.37770
  50112   6255    1.92886    0.01969    0.16359    0.02175    0.27121    9.11320
  50118  22574    1.93533    0.01991    0.16543    0.02169    0.33891   10.42441
  50119  10447    1.93431    0.01989    0.16562    0.02232    0.33249   10.39285
  50120  12538    1.93654    0.02004    0.16609    0.02196    0.02924   10.77463
  50122   1542    1.93550    0.01986    0.16491    0.02104    0.32183   11.67467
  50138    150    1.93000    0.01883    0.16595    0.02406   -3.88679   12.79401
  50139   5100    1.93087    0.02033    0.16521    0.02248   -2.95565   11.93180
  50141    418    1.92983    0.01931    0.16210    0.02186    0.28371   11.48834
  50142    277    1.93206    0.02044    0.16294    0.02196    2.58726   12.55307
  50146   2281    1.93113    0.02072    0.16144    0.02282    2.41263   12.63117
  50147   2196    1.93115    0.01969    0.16379    0.02227    3.05338   12.21137
  50163    780    1.93095    0.01947    0.16499    0.02174   -2.52687    9.79525
  50164   9433    1.92940    0.01980    0.16408    0.02252   -2.10793   10.55996
  50165   2686    1.93070    0.01981    0.16362    0.02329   -1.83037   10.81112
  50169    457    1.92958    0.02085    0.16379    0.02148   -4.67981   10.78747
  50170   8412    1.93017    0.02038    0.16318    0.02271   -4.42848   11.09690
  50171  10723    1.93016    0.02032    0.16406    0.02279   -4.34920   11.15051
  50172   6738    1.93033    0.02031    0.16307    0.02268   -4.24411   11.25513
  50173   2501    1.92946    0.01989    0.16317    0.02292   -4.32539   11.25723
  50174  13147    1.93012    0.02032    0.16324    0.02331   -4.48171   11.53331
  50176   6924    1.93086    0.02019    0.16406    0.02320   -4.78190   11.45013
  50177   5149    1.93018    0.02039    0.16442    0.02288   -4.67137   11.51598
  50178    433    1.92977    0.01985    0.16226    0.02236   -5.12649   10.63532
  50179   2440    1.93065    0.02082    0.16501    0.02356   -5.43134   12.34499
